0 0.9705882352941176 0.52099609375 0.012254901960784314 0.013671875 10 4 6
0 0.5996732026143791 0.99072265625 0.010620915032679739 0.0126953125 11 4 7
0 0.5808823529411765 0.7294921875 0.011437908496732025 0.013671875 31 3 6
0 0.8733660130718954 0.560302734375 0.011437908496732025 0.01318359375 4 5 4
0 0.7465277777777778 0.7626953125 0.01184640522875817 0.013671875 14 5 0
0 0.7034313725490197 0.806640625 0.011437908496732025 0.013671875 34 6 0
0 0.5629084967320261 0.5751953125 0.010620915032679739 0.0126953125 5 6 0
0 0.9291258169934641 0.671875 0.01184640522875817 0.013671875 16 6 3
0 0.8392565359477124 0.537109375 0.01184640522875817 0.013671875 31 2 7
0 0.610498366013072 0.676025390625 0.011029411764705883 0.01318359375 32 2 5
0 0.8492647058823529 0.943359375 0.011437908496732025 0.013671875 6 2 4
8 0.6662581699346405 0.7041015625 0.011437908496732025 0.013671875 29 1 0
8 0.5859885620915033 0.994384765625 0.011029411764705883 0.01123046875 6 1 0
8 0.886437908496732 0.9375 0.013071895424836602 0.0146484375 30 4 0
8 0.7902369281045751 0.6279296875 0.01184640522875817 0.013671875 14 4 5
8 0.8952205882352942 0.726806640625 0.013480392156862746 0.01513671875 16 4 2
8 0.7040441176470589 0.613037109375 0.01184640522875817 0.01416015625 19 4 6
8 0.7175245098039216 0.97021484375 0.01184640522875817 0.013671875 27 7 4
8 0.6074346405228758 0.593505859375 0.011437908496732025 0.01416015625 16 3 4
8 0.5984477124183006 0.664306640625 0.010620915032679739 0.01318359375 21 5 0
8 0.8941993464052288 0.962646484375 0.013071895424836602 0.01513671875 35 6 3
8 0.8406862745098039 0.626220703125 0.013071895424836602 0.01513671875 8 0 7
6 0.9628267973856209 0.556396484375 0.011437908496732025 0.01220703125 14 1 5
6 0.5183823529411765 0.75146484375 0.00980392156862745 0.01171875 32 4 1
6 0.6973039215686274 0.669189453125 0.010620915032679739 0.01220703125 8 7 5
6 0.619281045751634 0.602294921875 0.010620915032679739 0.01318359375 27 5 6
6 0.9901960784313726 0.7138671875 0.012254901960784314 0.013671875 19 5 6
6 0.7681781045751634 0.737548828125 0.010212418300653595 0.01220703125 18 6 4
6 0.491625816993464 0.645751953125 0.009395424836601307 0.01220703125 22 6 3
6 0.6405228758169934 0.638427734375 0.010620915032679739 0.01220703125 35 2 3
2 0.8841911764705882 0.99072265625 0.012663398692810458 0.0185546875 8 1 7
2 0.6742238562091504 0.8466796875 0.01184640522875817 0.0146484375 18 1 4
2 0.9142156862745098 0.66552734375 0.012254901960784314 0.01953125 27 3 5
2 0.5046977124183006 0.9462890625 0.013480392156862746 0.013671875 2 5 7
5 0.59375 0.9736328125 0.012663398692810458 0.009765625 25 1 5
5 0.7446895424836601 0.595947265625 0.012254901960784314 0.01123046875 35 4 6
5 0.7504084967320261 0.98828125 0.012254901960784314 0.013671875 3 7 1
5 0.8995098039215687 0.749755859375 0.012254901960784314 0.01611328125 31 3 7
5 0.5334967320261438 0.59423828125 0.00980392156862745 0.0146484375 6 5 7
5 0.7048611111111112 0.83984375 0.012663398692810458 0.013671875 20 5 7
5 0.5214460784313726 0.66552734375 0.01184640522875817 0.0146484375 2 6 3
5 0.6582924836601307 0.87353515625 0.01184640522875817 0.0078125 23 2 7
5 0.9554738562091504 0.968994140625 0.00980392156862745 0.01611328125 29 0 1
5 0.9536356209150327 0.766845703125 0.011029411764705883 0.01513671875 33 0 2
1 0.5649509803921569 0.792724609375 0.010620915032679739 0.00732421875 27 3 5
1 0.6901552287581699 0.647216796875 0.00857843137254902 0.01220703125 6 5 7
1 0.6742238562091504 0.299560546875 0.006127450980392157 0.01318359375 0 6 0
1 0.6466503267973857 0.863037109375 0.00980392156862745 0.01220703125 30 2 4
1 0.8245506535947712 0.794921875 0.009395424836601307 0.01171875 19 2 3
1 0.5285947712418301 0.644775390625 0.010620915032679739 0.00830078125 11 0 5
4 0.539828431372549 0.82861328125 0.01511437908496732 0.0185546875 32 1 4
4 0.7344771241830066 0.87841796875 0.016339869281045753 0.01953125 18 1 6
4 0.931781045751634 0.88525390625 0.016339869281045753 0.0185546875 14 4 5
4 0.5625 0.6142578125 0.013888888888888888 0.0166015625 32 7 5
4 0.5363562091503268 0.794189453125 0.014705882352941176 0.01806640625 3 6 4
4 0.8825571895424836 0.82568359375 0.01184640522875817 0.013671875 22 6 2
4 0.641952614379085 0.97802734375 0.01511437908496732 0.0185546875 30 2 5
4 0.9957107843137255 0.785400390625 0.00857843137254902 0.02099609375 0 2 5
4 0.7581699346405228 0.861083984375 0.016339869281045753 0.01904296875 17 2 0
4 0.9350490196078431 0.6474609375 0.013071895424836602 0.0146484375 33 0 4
4 0.9236111111111112 0.907470703125 0.016339869281045753 0.01904296875 20 0 1
7 0.9991830065359477 0.90869140625 0.0016339869281045752 0.015625 5 4 0
7 0.764501633986928 0.916259765625 0.013480392156862746 0.01611328125 7 4 1
7 0.8488562091503268 0.6044921875 0.013888888888888888 0.0166015625 4 3 5
7 0.8651960784313726 0.792236328125 0.014705882352941176 0.01708984375 12 3 0
7 0.5379901960784313 0.874267578125 0.012254901960784314 0.01416015625 17 3 2
7 0.4944852941176471 0.825439453125 0.012663398692810458 0.01513671875 13 5 4
7 0.971609477124183 0.94189453125 0.01511437908496732 0.017578125 34 6 1
7 0.5959967320261438 0.931884765625 0.012254901960784314 0.01513671875 30 2 3
7 0.44342320261437906 0.354248046875 0.01184640522875817 0.01513671875 3 2 1
7 0.5778186274509803 0.75439453125 0.012663398692810458 0.015625 5 2 1
7 0.7391748366013072 0.8203125 0.013480392156862746 0.0166015625 34 0 2
